   2.0000000e+00   1.4684348e+00  -4.2692100e-01  -1.2004814e+00   1.3639656e+00   1.1136009e+00   1.3681599e+00
   1.0000000e+00   4.6466039e-01   1.0303844e-01   2.5289804e-01  -1.2045405e-02  -2.7407414e-01   1.5876506e+00
   2.0000000e+00  -5.8870334e-01  -1.5647436e-01   3.9324448e-01  -5.0354364e-01   7.5258590e-01   9.9489597e-01
   2.0000000e+00  -6.2587998e-01  -1.4093622e+00   3.8583555e-01  -3.0809669e-02  -2.3436584e+00   5.5124684e-01
   1.0000000e+00   6.4635941e-01  -1.3066794e-01  -3.5692785e-01  -1.5389698e+00   6.1994896e-01  -1.9477659e+00
   2.0000000e+00  -1.2508163e+00   1.8635520e+00   1.4587371e+00   5.4335646e-01   8.1669327e-01   1.8207421e-01
   1.0000000e+00   9.6450133e-01  -1.3775313e-01   6.4703668e-01   9.8493814e-01  -1.4257448e+00   4.5698359e-01
   1.0000000e+00   2.1218410e-01   1.0102989e-01  -3.0600086e-01  -5.9836489e-01  -5.6369995e-01   1.4786844e+00
   2.0000000e+00   3.8563945e-01  -1.0146376e+00  -7.6420213e-01   5.1196230e-01   3.7414302e-01  -2.9361898e+00
   2.0000000e+00  -1.5969195e-01  -6.1144315e-01   8.7552598e-01   6.6739279e-01   1.2713617e+00   7.5588717e-01
   2.0000000e+00  -1.4440055e+00  -8.7043272e-02   1.5000429e-01   1.1321052e+00   8.7067273e-01   5.9625906e-01
   2.0000000e+00  -5.5529150e-01   8.7022983e-01  -8.3288542e-01  -9.6346053e-01  -7.5748372e-01  -5.0182913e-01
   2.0000000e+00   1.0099451e+00  -3.5761338e-02   2.2054082e+00   2.8132965e-01  -6.5499357e-01  -2.0803629e+00
   2.0000000e+00  -9.8308737e-02   2.9990534e-01   1.7562048e+00   6.0115092e-01  -3.3819302e-01  -1.4869664e-01
   2.0000000e+00   5.0940693e-01  -1.5601590e+00   1.1408653e+00   7.9545637e-01   6.0489909e-01  -7.5154892e-01
   2.0000000e+00   9.5091760e-01   7.2764391e-01   1.3116691e+00   1.8741014e+00   5.0264580e-01   1.5464543e+00
   2.0000000e+00  -1.8370648e+00   4.1558365e+00  -2.0440658e+00  -2.6341301e-01   1.9041193e-01  -8.1264459e-01
   2.0000000e+00  -2.4849314e-01  -1.2618487e+00   1.3377756e+00   8.1900019e-01  -1.2977164e+00  -4.1598487e-01
   2.0000000e+00  -3.0785372e-01   6.1737331e-01   1.4882453e+00  -7.7485817e-01  -3.6085428e-01   1.1815591e-01
   2.0000000e+00   9.1696120e-01   1.9674047e+00   1.5506316e+00   3.7337888e-01   1.1244420e+00  -1.2004894e+00
   2.0000000e+00   9.1088384e-02   2.3159542e+00   2.5896853e+00  -1.1880884e+00   5.4831993e-01   1.4020600e+00
   2.0000000e+00   1.0404787e+00  -2.3674266e-02   1.3688564e+00   7.7449072e-01   2.4535552e+00  -8.0369621e-01
   2.0000000e+00   9.4784376e-01  -4.8608463e-01  -1.1713725e+00   1.1657467e+00   6.0624010e-01  -8.7626656e-01
   2.0000000e+00   1.4274681e+00  -1.9611329e+00  -4.9073667e-01   9.1755465e-01  -1.7119110e+00   2.3192410e+00
   2.0000000e+00   5.9880743e-01   2.6705873e-01   2.3745936e+00  -1.3042868e-01   9.9348979e-01   4.9465019e-01
   2.0000000e+00   1.3639310e-01   4.4635534e-01  -2.4834745e+00  -4.7489495e-01  -7.4733691e-02  -5.0069205e-01
   1.0000000e+00   8.0085017e-01  -7.4422148e-02  -1.2108563e+00   6.7174390e-01  -2.2597046e-01   2.0525029e+00
   2.0000000e+00  -3.0804934e-01  -7.1715870e-01  -8.1449831e-01  -1.1016705e+00  -7.8585141e-01   3.4080707e-01
   2.0000000e+00  -1.4291742e-01  -1.3037793e+00   7.8477841e-01  -3.8876596e-01  -3.0895963e-01   7.8726460e-01
   2.0000000e+00  -3.9247710e-01  -1.5704523e-01  -5.3590417e-01  -3.9159419e-01  -1.4735085e-01   1.8126734e+00
   2.0000000e+00  -9.5991872e-01   7.7922661e-01   7.2339671e-01  -6.7883404e-01   3.9576538e-01  -7.4633514e-01
   1.0000000e+00   6.0975011e-01   5.6738185e-01  -1.2685056e-01   1.3351710e+00  -1.4939643e+00  -1.0582836e+00
   2.0000000e+00   1.6635106e+00   4.0209480e-01   1.5553863e+00  -1.0085163e+00  -3.3623500e-01  -1.4676026e+00
   2.0000000e+00  -1.5411309e+00   5.3160744e-01   1.2752319e+00  -1.6164228e+00  -1.5297812e+00   6.0409490e-01
   2.0000000e+00  -4.5391694e-01   1.8767031e-01  -1.4454184e+00  -1.2125610e+00   7.2340117e-01   1.7750785e+00
   1.0000000e+00   5.9198083e-01  -3.0963842e-01   1.8804181e+00  -8.9974809e-01  -1.1927731e-01  -4.9936245e-01
   2.0000000e+00   1.1185507e+00   9.9722550e-02   1.2188094e+00   2.4093044e+00  -1.9176113e-01  -5.5891949e-01
   2.0000000e+00   1.4305474e+00   7.2745240e-01   9.9219430e-01  -3.5698291e-01  -3.1581201e-01  -8.1037902e-01
   2.0000000e+00  -1.0035340e-01  -7.0736078e-01   2.4771383e-01   1.1002660e+00  -1.9635501e-01  -7.5115501e-02
   2.0000000e+00   1.0542148e+00   3.4654586e-01   9.9225891e-02  -1.0323486e+00  -5.2165597e-01  -6.3113678e-01
   2.0000000e+00   1.3915274e-01   1.2200385e+00  -1.1472362e+00  -4.4629775e-01   2.1275550e+00  -1.4607611e+00
   1.0000000e+00   4.2632831e-01  -6.9247955e-01   1.3157235e+00  -3.4699003e-01  -1.7189055e-02   6.0091646e-01
   2.0000000e+00  -3.4790691e-01  -7.4408013e-02   4.4658292e-01  -6.7838014e-01  -4.1339580e-01   1.2617579e+00
   2.0000000e+00   1.2200063e+00   3.4473990e-01  -4.6922633e-01  -1.6728354e+00   6.1368897e-01   1.4611286e-01
   2.0000000e+00  -4.0106450e-02   6.6359381e-01   1.1143068e+00   9.2117689e-01   2.4198866e-01  -2.5334708e+00
   2.0000000e+00  -1.0018259e+00   3.8036469e-01   1.6200796e-01   2.9334190e-01  -1.4499285e+00  -8.2474704e-01
   2.0000000e+00  -2.5835360e-01  -2.5853255e-01   6.3466128e-01   1.9713364e-01  -1.6053320e+00   1.2462153e+00
   2.0000000e+00  -1.3368199e+00   3.2812794e-01  -1.5455069e+00   1.3699006e+00  -7.6161347e-01   4.8786544e-01
   1.0000000e+00   7.8846374e-01  -4.9946664e-01   8.6282426e-01  -9.9225306e-01   3.3444420e-02   1.6153631e+00
   2.0000000e+00   3.3252629e-01   9.6808605e-01  -5.3136884e-02  -9.1228556e-01   1.2026391e+00  -7.1790990e-01
   2.0000000e+00  -1.6457988e+00  -6.9068745e-01  -1.8903919e+00  -5.4311885e-01  -6.0585053e-01  -1.2417444e+00
   2.0000000e+00  -7.2668913e-01   1.2440141e+00   2.3395170e+00  -1.4006797e+00  -1.3939155e-01  -5.3054294e-01
   2.0000000e+00  -8.1111376e-02  -9.5016115e-01   1.1519513e-01  -3.4704192e-01  -7.2992516e-01   5.8554663e-01
   2.0000000e+00  -1.8542609e+00  -1.6366514e+00  -3.8561943e-02  -1.0939808e-02   4.1593684e-01  -7.4258138e-01
   2.0000000e+00   1.1186121e+00  -1.8169822e-01  -1.3516778e+00  -6.9342685e-01  -6.1646094e-01   6.7713777e-01
   2.0000000e+00  -2.8518861e+00   7.7224569e-02  -4.4963692e-02   1.4919469e+00   5.1629603e-01  -3.7474196e-01
   2.0000000e+00  -1.2179612e+00  -1.4002342e+00   1.2111349e+00  -6.7136989e-01  -1.3456374e+00   1.5132029e-01
   2.0000000e+00  -2.1184780e+00   7.9246058e-02   1.2378093e+00   4.7159647e-01   3.7457558e-01  -1.9852323e-02
   2.0000000e+00   6.8840214e-01   9.5813022e-01   2.9271984e-01   1.3886411e+00  -1.0974585e+00   2.3599284e+00
   1.0000000e+00   3.1999595e-01   5.2951000e-01   1.1155096e+00   6.5040389e-01   4.1132614e-01   6.0403234e-01
   2.0000000e+00  -1.1443963e+00   5.7224054e-01  -1.6979194e+00   1.9976329e+00  -1.8811304e-02  -5.0579081e-01
   2.0000000e+00  -1.4510531e+00   2.6797489e-01   2.9528218e-01   3.0554415e-01  -4.7588393e-01  -3.0161033e-01
   2.0000000e+00  -6.2907381e-01   2.3457603e+00   1.4049882e+00   1.2112710e+00  -5.8101336e-01  -2.9035043e-01
   2.0000000e+00   1.8720765e+00  -1.1733676e+00  -1.4419972e+00   2.5275804e-01  -9.2826135e-01  -1.6352606e+00
   2.0000000e+00   1.8378940e-01  -1.1682564e+00  -6.6656027e-01  -3.8426344e-01  -1.1717215e-01   1.4070059e+00
   1.0000000e+00   1.2332974e-01   5.8594895e-01   2.0189453e-01   5.4787651e-01  -1.6771068e+00   2.4465126e-01
   2.0000000e+00  -7.4316439e-01  -1.4816258e-01   1.1054102e+00   6.9676133e-01  -1.7788124e+00   1.4167150e+00
   1.0000000e+00   1.9096035e-01  -6.7045597e-01   8.1912414e-01  -9.4705786e-01  -1.8703862e+00   5.3206529e-01
   1.0000000e+00   5.2092311e-01  -9.2754396e-02  -1.2588756e+00  -3.2953603e-01   1.3266315e+00  -1.0914214e+00
   2.0000000e+00  -1.6309911e+00   8.6402660e-01   6.2656733e-01   3.4767198e+00   7.2591582e-01   7.7601969e-01
   2.0000000e+00   1.1684802e+00  -9.6739785e-01   2.6116391e-02   4.5346975e-01   1.5188635e+00   1.1811978e+00
   2.0000000e+00  -9.4304643e-01  -1.6930042e+00  -7.6221624e-01   1.1349901e+00   3.4138433e-01   8.5920506e-02
   1.0000000e+00   2.3497311e-02  -5.5669919e-01   1.8150579e-01   1.3417485e+00   6.9879922e-01  -7.6921735e-01
   2.0000000e+00  -3.9471225e-02   6.7163465e-01   9.2262295e-01   6.3753003e-01   9.6483023e-01   7.1592379e-01
   2.0000000e+00   1.4366759e+00  -4.6004991e-01  -4.8070986e-01   4.9502795e-01   7.8531049e-01   1.4450735e+00
   2.0000000e+00   1.2305042e+00   8.3863650e-01   3.2237295e-01  -1.7210488e+00   1.2141432e+00   2.2591064e-01
   2.0000000e+00  -1.2767358e+00  -3.7643883e-01  -6.9499225e-01  -2.4953758e-01   5.7855782e-02  -3.1340169e-01
   2.0000000e+00  -8.6400423e-01   5.9594274e-01   4.6124608e-01   7.2994401e-01   7.0292842e-01  -1.5756337e+00
   1.0000000e+00   7.7986283e-01  -5.4202941e-01  -2.5595301e-01  -3.7919914e-01  -9.6956678e-01  -8.7977297e-02
   2.0000000e+00  -3.4360412e-03  -5.2010433e-01   9.5902651e-01   1.4517422e+00   3.5377756e-01  -2.4365691e-01
   1.0000000e+00   7.9112761e-01  -3.9421229e-01  -7.2544070e-01  -5.1831520e-01  -4.6394337e-01  -1.9873609e+00
   2.0000000e+00   1.2749939e+00  -9.4424109e-01  -7.2431073e-01  -9.5074054e-02   2.6525136e-01  -5.5536760e-01
   2.0000000e+00  -9.4565188e-01   4.8389798e-01  -1.6382413e-01  -1.0472194e-01  -1.2152216e+00   2.2853826e-02
   1.0000000e+00   6.5725748e-01   9.3687921e-02  -1.0739914e+00  -5.0493651e-01   2.6654758e-01  -5.9337667e-01
   2.0000000e+00  -6.7274025e-01   6.2113497e-01  -2.1016926e-01  -4.2792448e-01  -2.1107293e-01  -1.7029603e+00
   2.0000000e+00  -1.4378883e+00   1.2955792e-02  -4.4905810e-01   1.1686712e+00  -1.0795537e+00   2.2714185e+00
   2.0000000e+00  -2.8723349e-01   1.3757914e+00   6.2544751e-02  -9.7803072e-01   7.8513700e-01   3.9155192e-01
   1.0000000e+00   7.7995220e-02   4.1394507e-01   1.5742819e+00  -4.9721252e-01  -2.6205639e+00   1.0336698e+00
   2.0000000e+00   6.7992455e-01  -1.1109754e+00  -2.2157860e+00   1.0111766e+00   7.7603170e-01  -1.9334060e+00
   2.0000000e+00  -7.2166520e-01   1.1359320e-01  -4.6931078e-01  -3.8489506e-01   1.3648534e+00   2.1889484e-01
   2.0000000e+00   1.0744172e+00   6.0513293e-02  -3.6653384e-01   6.0997377e-01  -5.0294033e-02  -4.6750254e-01
   2.0000000e+00   1.1749570e+00   5.3374710e-01  -7.2879472e-01  -8.7639953e-01  -8.8939735e-01   1.3840714e+00
   2.0000000e+00   8.8922561e-01  -1.1583886e+00  -1.4291287e-02   7.3471675e-01  -1.0930158e+00  -9.1102994e-02
   1.0000000e+00   7.6546615e-01   2.5837759e-01  -1.4651303e-01   6.6862302e-01  -1.5781878e-01  -1.0045620e+00
   2.0000000e+00  -1.6552720e+00   3.7769726e-03   1.0609719e+00  -8.1913963e-01   6.9665666e-01   1.3661581e+00
   2.0000000e+00  -2.8088638e+00   9.5346487e-01  -8.7977331e-01  -8.5921086e-01   1.8079578e+00   2.6484569e+00
   2.0000000e+00   7.7937897e-01   1.0350222e+00  -8.9354540e-01   1.3371281e-01  -7.0482165e-01  -1.0281398e-02
   2.0000000e+00  -1.3909630e-02  -8.0238005e-01   5.9236762e-01   5.9627103e-01   5.1052289e-01  -1.7703331e+00
   2.0000000e+00   1.3395914e+00   6.7886882e-01   1.0851315e+00  -1.4824189e+00   9.4203333e-02   1.7995099e-02
   2.0000000e+00  -3.5406489e-01   9.6093004e-01  -1.2914344e+00   8.1945876e-01  -9.4656105e-01  -1.1330136e+00
   2.0000000e+00   1.6773328e+00  -1.0841296e+00  -1.2283776e+00  -9.2707988e-01  -9.5354643e-01  -1.1796596e+00
   2.0000000e+00  -1.2536489e+00   8.7501275e-01  -2.2063857e-01  -8.1466390e-01  -4.7846728e-01   1.8590702e+00
   2.0000000e+00   3.0563819e-01   1.4934528e+00   1.2142014e+00  -1.8607620e+00   1.7566453e+00  -7.8902613e-01
   2.0000000e+00  -3.3432254e-01  -7.2239464e-01  -3.1727276e-01  -3.3798479e-02   1.2162762e-01  -3.7043238e-01
   1.0000000e+00   2.0270871e-01   8.0371975e-02   1.5364425e+00  -8.3326772e-01  -3.8751043e-01   6.1216998e-02
   2.0000000e+00   4.1174011e-01   1.7628617e+00  -1.3166931e+00  -5.5543332e-01  -5.9096229e-01  -2.7825600e+00
   1.0000000e+00   2.3090679e-01   6.4223252e-01  -1.3877371e+00  -6.5414133e-02  -2.1892487e-01   1.8356844e-01
   2.0000000e+00  -1.0502822e+00   8.6140536e-01   1.6919218e+00  -3.0245872e-01   6.9864329e-01  -2.6661174e-01
   2.0000000e+00   8.4044765e-01  -7.3298244e-01   3.6917882e-02  -5.9489248e-01  -5.0841503e-01  -2.2524258e-01
   2.0000000e+00  -1.3788668e-01  -5.9259096e-01  -7.6828241e-01  -6.9252803e-02   1.9315242e+00  -9.4882368e-01
   2.0000000e+00  -2.2136171e+00   1.2780896e+00  -4.9716696e-01   8.1389345e-01  -5.6109820e-01  -3.7682470e-01
   1.0000000e+00   6.9491024e-01   5.4642255e-01  -5.3766770e-01  -7.7005871e-01  -3.5076247e-01  -1.0840803e+00
   2.0000000e+00  -8.4801515e-01   1.9431313e+00   1.2736339e+00   8.9340180e-01   4.3544125e-01   1.4742813e+00
   2.0000000e+00   1.8929716e+00   3.4381996e-01   1.8547288e-01   1.2553440e+00  -5.5880170e-01  -1.2263542e+00
   1.0000000e+00   2.4627663e-01   6.5817588e-02  -2.6134795e-01  -7.9686949e-01  -2.3877912e-01  -8.0728639e-02
   2.0000000e+00  -1.7484180e+00   1.3410689e+00   1.5824578e+00   1.1349203e+00   1.4717030e+00  -1.1426311e+00
   2.0000000e+00   1.6625542e-01  -1.8573609e+00   1.2439700e+00   3.5047734e-01   1.0582649e+00   4.9787526e-01
   2.0000000e+00  -3.6623235e-01  -7.2689274e-01   4.6572679e-01  -1.1671664e+00   2.9074920e+00  -1.5203116e+00
   2.0000000e+00   7.1906780e-01  -9.6383169e-01  -4.7637553e-01   4.1927870e-01   4.8132109e-01  -1.0219903e+00
   2.0000000e+00  -4.0694515e-01   1.1350971e+00  -2.8613100e-01   9.7012991e-01  -2.9125017e-01   1.0025533e+00
   2.0000000e+00  -1.1673603e+00   2.4574365e-01  -4.9384466e-01  -1.7859933e-01  -9.6679173e-01   1.0634390e+00
   2.0000000e+00   6.0120424e-01   1.5268289e+00  -3.7613597e-01   2.8398103e-01  -3.6164940e-01  -1.9103337e+00
   1.0000000e+00   2.7391858e-01  -4.8406024e-01  -7.1622933e-01  -1.2940024e+00   1.0400921e+00   4.3806827e-01
   2.0000000e+00   1.1320262e+00  -4.1150610e-01   3.4661187e-01   7.8155295e-01   1.7573335e-01   2.3665345e+00
   2.0000000e+00  -3.8350892e-01  -2.0855012e-01   4.1889539e-01  -4.2074538e-01  -5.5607066e-01  -1.0410856e+00
   1.0000000e+00   5.9764700e-01  -8.9151124e-02   9.5160415e-01   9.3520360e-01  -9.3262599e-01   1.1247267e+00
   2.0000000e+00  -1.9827017e-03   1.9658547e+00  -1.4117647e-01   2.9064625e-01  -3.8817247e-01   5.3676279e-01
   2.0000000e+00   1.9483813e+00   1.9022737e+00   2.9268767e-01   6.2990536e-01   3.2258707e-02   3.2156252e-01
   1.0000000e+00   2.5497379e-01  -8.6957211e-01   1.5690727e-01   1.2470992e+00   6.9952858e-03   7.7697758e-01
   2.0000000e+00   3.9385576e-01   9.2309796e-01   7.8671443e-01  -1.6014292e+00   3.0401798e-01   8.7015118e-01
   2.0000000e+00   1.6061467e+00  -1.5991031e-01  -6.5661442e-01  -3.2448610e-01  -2.2168460e-01  -1.6867089e-01
   2.0000000e+00  -2.5139173e-01   1.4801961e+00   8.5032606e-01   1.2767490e+00   1.1604056e+00  -1.4080034e-01
   2.0000000e+00  -1.4451843e+00   1.9832942e-01  -3.2260451e-02  -1.1343708e+00   1.3264804e+00   1.0605903e+00
   2.0000000e+00  -2.3096335e+00  -9.4874599e-01   8.8611951e-01   1.0210149e+00  -6.9373069e-02  -1.6056148e+00
   2.0000000e+00   2.5639706e-01   1.4462947e+00  -4.9642090e-01   1.0163695e-01  -5.7913046e-01  -4.9408902e-01
   2.0000000e+00  -6.8785559e-01  -1.6140699e+00  -5.4832935e-01  -5.8917253e-02  -1.8121633e+00  -1.1133522e+00
   2.0000000e+00   5.9780499e-01  -8.3157729e-01   3.9480587e-01   6.6546540e-01   7.1179825e-01  -4.4754937e-01
   2.0000000e+00  -1.8609491e+00   1.2570137e+00  -4.3661363e-02   2.0898222e-01  -9.9973907e-01  -1.2860977e+00
   1.0000000e+00   3.5590401e-01  -3.5481552e-02  -1.0321380e+00  -4.9503888e-01  -1.1913141e+00   1.4202541e+00
   2.0000000e+00  -1.6280585e-01  -9.6852444e-01  -7.5427965e-01  -2.7135759e-02  -2.6427040e+00   1.6270975e-01
   2.0000000e+00  -7.4560975e-01   6.2474387e-01   2.8781040e-01  -2.8726630e-01  -3.8584593e-01  -8.8700286e-01
   2.0000000e+00  -1.1023898e+00   3.4126357e-01  -1.8495513e-01  -1.2649919e+00   6.5165353e-01   9.6485613e-01
   2.0000000e+00  -3.0506103e-01  -2.3166935e-01   3.7334459e-01   3.3595330e-01  -4.0928681e-01   3.1792729e-02
   1.0000000e+00   7.6564878e-01   1.6564995e-01   2.8228603e-01   1.2304605e+00   2.9138298e-01   5.8780763e-01
   2.0000000e+00  -1.2086225e+00  -1.4572221e+00  -4.0566169e-01   2.1814040e+00  -6.8610072e-01   1.9676401e-01
   2.0000000e+00   7.0701409e-01  -2.2743384e+00   4.2561009e-01  -6.7250186e-01  -1.0436910e-01   2.5144256e+00
   2.0000000e+00   8.1803102e-01  -2.4771228e+00   2.6995209e-01   7.2927382e-02   3.7998557e-01   8.7107337e-01
   1.0000000e+00   1.0544642e-02  -8.9542926e-01  -4.6941238e-01  -2.0898184e+00   7.9642022e-01  -4.6694775e-01
   2.0000000e+00   2.1611364e+00   2.8800496e-01  -1.2739572e+00  -1.5101105e-01   1.8597376e+00  -3.0474908e-01
   2.0000000e+00  -2.6410089e-01  -6.5543285e-01  -1.5306162e+00   2.7921626e+00  -4.5199824e-01   3.9331980e-02
   2.0000000e+00   9.3342188e-01   9.4483052e-01   1.9036986e-01  -3.1391236e-01  -1.2818012e+00   2.2159229e-01
   1.0000000e+00   2.2570593e-01   6.2794319e-01   7.7445964e-01  -2.0551005e-01  -5.7942808e-01  -5.5615832e-01
   1.0000000e+00   5.2693736e-01  -5.7857685e-01  -1.7708515e-01   2.5525215e-01   1.6323125e+00   4.5978930e-02
   2.0000000e+00   2.3351629e-01   1.5060289e+00   1.6422920e+00  -4.6587757e-01   1.1556903e+00   5.2381523e-01
   2.0000000e+00  -1.3892058e-01   1.3922007e+00   1.2655019e+00  -1.7311542e+00  -1.8949293e+00   1.1622372e+00
   2.0000000e+00   1.4738613e+00  -1.6746350e+00  -4.9613018e-01   8.0401646e-01   9.3763110e-01   3.1551020e-01
   2.0000000e+00   1.0401461e+00  -5.2220355e-01  -2.1092755e+00   6.1984743e-01  -1.2847758e+00  -5.8060530e-02
   2.0000000e+00  -1.4557415e+00  -1.0370036e+00   1.4085318e+00  -4.7904903e-02   6.5163140e-01  -1.3258358e+00
   1.0000000e+00   1.7385444e-02   5.8968822e-01   2.3553348e-01  -1.9765493e-01   4.7429649e-01  -8.2950855e-01
   2.0000000e+00  -1.9999619e-02   4.9155892e-01  -1.5466227e+00   1.7192511e+00  -2.3012589e-01   8.5227242e-01
   1.0000000e+00   8.4873097e-02  -3.1430472e-01  -4.7796860e-01   6.6407335e-01  -7.5328231e-01  -6.2795430e-01
   2.0000000e+00   1.4939197e+00   2.2661547e+00   5.4221529e-01   5.0423646e-01   6.8581986e-01   1.6110700e+00
   1.0000000e+00   5.6392854e-01  -7.1996180e-01  -3.3625799e-01   4.9870025e-01   6.1915989e-01   7.6746950e-02
   2.0000000e+00  -5.9278629e-01  -8.3299544e-01   6.6402960e-02  -8.9903108e-02  -4.6598983e-01  -2.2573552e-03
   2.0000000e+00  -3.6271103e-01  -1.8930431e-01   4.8393850e-01  -9.6049917e-02  -3.7113450e-01   4.3531456e-02
   2.0000000e+00   8.3070167e-01  -1.3470756e+00   1.3296666e-01  -3.6486062e-01   9.6598468e-01   2.8106230e+00
   2.0000000e+00  -1.5602238e+00  -1.3562191e+00   1.8504692e+00  -8.2840248e-03  -9.4700453e-01  -1.2714133e-01
   1.0000000e+00   7.1988335e-01   2.8196758e-01  -6.7049228e-01  -1.9137516e-01   1.1766189e+00  -8.1171510e-01
   2.0000000e+00  -2.5208930e-01   9.0226722e-01  -2.7396369e-01   2.3450528e-01   1.5078038e+00  -7.5997968e-01
   2.0000000e+00  -1.4891623e+00  -2.0851432e-01  -1.7261956e+00  -1.5854394e+00  -1.8850406e-01   1.9659009e+00
   1.0000000e+00   7.9976254e-01   5.0193132e-01   3.7685452e-01  -2.2970188e-01  -1.0302337e+00  -2.6059219e+00
   2.0000000e+00  -6.2072913e-01  -1.2430452e+00  -1.9855388e-01   1.0566742e+00  -1.1286460e+00   2.9158162e-01
   1.0000000e+00   6.1790892e-01   1.6576336e-01   1.7278756e-01  -1.1698937e+00   1.1309193e+00   6.9366667e-01
   2.0000000e+00  -6.6028288e-01  -3.4089528e-01   1.1341251e-01  -9.9668011e-01   1.2616615e+00   1.8963788e+00
   2.0000000e+00  -1.0433178e+00  -3.7533689e-01  -1.6751889e+00   1.2588843e+00  -9.3630796e-01   7.3467916e-01
   2.0000000e+00  -1.4828948e-01   1.1584102e-01  -3.2459317e-01   9.2472268e-01   9.0683472e-01  -4.8385922e-01
   2.0000000e+00   1.0134385e+00   1.8356942e-01  -1.6796722e-01  -8.6640523e-01   5.5720420e-01  -8.5658601e-03
   2.0000000e+00   2.4776527e-02  -1.3651075e+00  -1.1450304e+00   1.2250300e-01  -5.0158549e-01  -3.5998800e-02
   2.0000000e+00   6.0657621e-01   2.0795212e+00  -1.0302635e+00   2.2492791e-01   2.8100769e-01  -9.1786733e-01
   2.0000000e+00  -5.0108629e-01   9.6039589e-02   1.6985899e-01  -1.8129597e+00  -1.7287420e+00   9.1903814e-01
   2.0000000e+00  -3.1707409e-01   1.0454488e+00   3.8576535e-01  -1.1299135e+00   2.0360955e-01  -1.5500765e+00
   2.0000000e+00  -1.2735090e+00   1.2621005e+00  -1.4191725e+00  -5.8787586e-01  -1.8682884e+00  -1.6772885e+00
   2.0000000e+00   1.2608291e+00  -1.4673215e+00  -2.7156509e-01   4.3883011e-01  -8.0665475e-01  -4.1951611e-01
   1.0000000e+00   2.2727984e-01   7.4717339e-01  -7.5931788e-01   7.8579694e-01   1.7706729e+00  -2.1749000e-01
   2.0000000e+00   7.6516748e-01  -1.0959851e+00   1.2166937e+00   3.7103840e-01   9.3534085e-01  -1.5078335e+00
   2.0000000e+00  -3.8653847e-01   1.0532924e-02  -4.9927674e-01   1.3940369e-01  -1.2240746e+00   2.9373781e-01
   2.0000000e+00  -1.2506487e+00  -1.6283947e+00  -1.8019770e-01   1.4837954e-01  -1.2361834e+00   2.0113705e-01
   2.0000000e+00  -1.1654142e+00   2.9961154e-01   2.7335784e-01  -7.5316967e-01  -3.5993016e-01  -2.8690915e-01
   2.0000000e+00   1.0475320e+00  -1.2460609e+00  -2.8165019e-01   1.8997596e-01   2.3418720e+00   1.7772486e+00
   2.0000000e+00  -1.4064126e+00  -8.2951252e-01  -1.0951195e-01  -1.0014121e+00   1.1188996e+00   5.2540767e-01
   2.0000000e+00   2.3835379e+00   1.1911969e+00  -2.6284308e-01   7.1799920e-02  -1.4104894e-01   4.0492036e-01
   2.0000000e+00   1.9038900e+00  -1.7772298e+00   8.3946855e-01  -8.1605023e-01  -1.2208346e-01  -6.3296683e-01
   2.0000000e+00  -1.4932301e+00   1.1911560e+00  -9.1435446e-01  -1.4744368e+00  -2.3850159e+00   5.8584207e-02
   2.0000000e+00   2.9992536e+00   4.7026517e-01   6.7569187e-01   1.3822374e+00   9.3811460e-01   6.6054436e-01
   1.0000000e+00   3.9630150e-02  -2.1615839e-01  -2.5171433e-01   8.2014206e-01   3.4401928e-01   1.5701065e+00
   2.0000000e+00   1.0006122e+00   1.5264739e+00   1.7548695e+00  -2.6351530e-01   1.0856164e+00  -1.1662555e+00
   2.0000000e+00   1.4991766e+00  -3.9808004e-01   2.1717937e-01  -2.1078687e+00  -8.3974609e-01  -1.2696793e+00
   2.0000000e+00  -1.3798595e+00   1.4938194e+00  -4.6980715e-01   7.9255816e-01  -2.1205890e-01  -1.2172505e-01
   2.0000000e+00  -4.9344751e-01  -1.1469185e+00  -1.3393503e+00  -1.6870724e+00  -7.7427157e-02   4.3333752e-01
   1.0000000e+00   9.4098270e-01  -2.8732936e-01   5.4621715e-01  -1.9214061e-01  -1.3364186e+00   9.5676591e-01
   1.0000000e+00   1.9738667e-01   3.8905585e-01  -7.7307610e-01  -7.9029946e-01   2.0521744e+00  -1.6088568e+00
   2.0000000e+00  -8.8313603e-01   6.4747735e-01   1.8120554e-01  -1.4234797e+00  -3.0086060e-01   3.5022060e-01
   2.0000000e+00   1.2129419e+00  -1.8275927e-01  -1.2275894e+00   4.1610279e-01  -1.0951080e+00   4.5460524e-01
   2.0000000e+00  -1.5234673e+00   1.0775628e+00   2.6458151e-01  -1.4519264e+00  -1.7964641e+00  -8.3823060e-02
   2.0000000e+00   1.3518350e+00  -2.9727938e-01   5.4896073e-01  -6.6905820e-01   1.2236475e+00  -3.0760049e-01
   2.0000000e+00   1.3467243e+00  -1.4322613e+00  -1.2615861e+00  -9.6569369e-01   1.1790532e+00   5.7880210e-01
   1.0000000e+00   1.5404059e-01  -7.9056124e-02  -1.7057062e-04   3.7875170e-01  -1.9096519e+00  -3.2163576e-01
   2.0000000e+00  -5.8657439e-01   5.5532259e-01  -1.7780738e+00  -7.7321029e-01   1.6767287e-01   1.4798409e-01
   2.0000000e+00   2.3811328e-02   2.2923232e+00   5.4375795e-01   1.0778772e+00  -6.8158321e-01   4.6052021e-01
   1.0000000e+00   3.0976365e-01   3.3782515e-01   2.1083098e-01   2.7122332e-01  -5.1081591e-01   3.9152481e-01
   2.0000000e+00  -7.2632521e-01   2.5398495e+00   1.0388159e+00   1.3434219e+00   1.6792718e+00  -7.3900261e-01
   1.0000000e+00   5.2009648e-02   2.2605431e-01  -5.0720970e-01  -2.7684985e-01   2.7045042e-01  -8.3016096e-02
   2.0000000e+00  -7.4454262e-01  -9.2457009e-02  -1.9719827e+00  -1.1397363e+00  -6.4136857e-01   4.5604593e-01
   2.0000000e+00  -4.4696303e-01  -1.0131243e+00   2.8667607e-01   3.5714276e-01  -9.7622581e-01  -1.8637672e+00
   2.0000000e+00   7.2215220e-03  -1.1544830e+00  -6.5328809e-01  -1.9350459e-01   7.8798733e-01  -1.1676709e+00
   2.0000000e+00  -2.4128590e+00   1.3194756e-01   1.3642407e-01   1.3374191e-02   1.1354935e-01   1.0747306e-01
   2.0000000e+00  -2.0542865e-01  -3.8392761e-01   4.5235711e-02   2.6937960e-01   1.1731822e+00   1.6407411e-01
   2.0000000e+00  -1.0245449e+00   1.0257851e+00  -1.1639266e-01   1.7048812e+00   1.3227367e+00   1.3648175e+00
   2.0000000e+00  -5.8519603e-01   1.3760839e+00   2.7362569e-02  -2.3282942e+00   1.1413241e+00  -4.8729204e-01
   1.0000000e+00   6.5370975e-01  -6.3253401e-02   5.0193460e-01   7.1536492e-01  -2.3288752e+00  -1.1518758e+00
   2.0000000e+00   1.3248968e+00  -4.2632623e-01  -1.1026038e+00   1.0608079e+00   2.8389569e-01   8.6182202e-01
   2.0000000e+00   6.3014931e-01  -1.2711740e+00  -2.9765906e-01  -1.3105551e+00   4.1323051e-01  -5.7490272e-01
   2.0000000e+00  -5.5828706e-01  -6.6909469e-02   2.6415941e-01   6.0675562e-01   1.1968116e+00   2.6411623e+00
   2.0000000e+00  -1.3871805e+00  -1.3976757e+00   2.9548321e-02  -8.5691693e-01   2.1734141e+00  -7.1646569e-02
   2.0000000e+00  -8.7094140e-01   6.6480181e-01  -8.5284350e-01   2.3920549e+00   7.1533469e-01  -8.8229053e-01
   1.0000000e+00   6.4368865e-02   2.3371164e-01   5.6793086e-01   9.7587061e-01  -9.8080885e-01  -8.7299536e-02
   2.0000000e+00   1.3946467e+00  -1.3194796e+00   3.2447593e-01   2.6222502e-01   1.8581598e+00  -1.4106221e+00
   2.0000000e+00  -9.0891049e-01  -1.6265324e+00  -1.9303744e-01   1.7570910e+00   5.8246934e-01  -1.1840618e+00
   2.0000000e+00   1.3528568e+00   4.6703193e-01  -1.3276280e-01  -6.3597508e-01  -1.2881933e-01  -7.2393868e-01
   2.0000000e+00  -8.5968777e-01  -1.1934907e+00   7.9872974e-01   9.8558890e-01   2.2772804e-01  -9.6536687e-01
   1.0000000e+00   3.0480108e-01  -4.4826830e-01  -6.4651187e-01  -1.4117103e+00  -1.4793323e-01  -8.9114963e-01
   2.0000000e+00  -6.4857955e-01  -5.3852820e-01  -4.9334127e-01  -1.9571236e-01   8.2218469e-01   1.0010646e-01
   2.0000000e+00   8.6978305e-01   5.8088524e-01  -1.3656218e+00   1.0188373e-01   7.8026013e-01   7.3123138e-02
   2.0000000e+00  -3.2514658e-01  -1.3619218e-01  -3.9518222e-01   1.1619012e+00   8.7229356e-01  -6.5945354e-01
   1.0000000e+00   3.3871118e-01   3.7709010e-01  -6.7093333e-01  -4.4267913e-02  -8.5218888e-01   1.0202977e+00
   2.0000000e+00  -1.6054538e-01  -2.7164286e-01   4.3424961e-01  -6.1494073e-01   5.3808095e-01   6.8146309e-01
   2.0000000e+00  -2.0001313e-02   6.4639945e-01  -8.8146760e-01   4.5473251e-01   3.8301826e-01  -1.0929401e+00
   2.0000000e+00  -2.4128582e+00  -1.5450356e-01  -1.3446372e+00   9.4265927e-02   3.7697196e-01  -7.6285861e-02
   2.0000000e+00  -1.0422762e-01  -4.9247719e-01   6.0026649e-01  -5.0220915e-02  -1.2966252e-01   4.1273005e-01
   2.0000000e+00   2.0780615e+00  -3.6468608e-01   6.0205007e-01  -4.1521845e-01   6.9923171e-01  -2.4129731e-02
   2.0000000e+00  -3.6649020e-01   8.6730833e-01   1.3244520e+00  -1.4136281e+00   5.7601642e-01   4.6788002e-01
   1.0000000e+00   7.2557178e-01  -4.1836470e-01   1.4731241e+00  -2.2339711e+00  -6.0733642e-01   1.8696402e+00
   2.0000000e+00  -4.4526881e-01  -6.3503110e-01   4.9845864e-01   9.6789178e-01  -5.7262301e-01   8.2332622e-01
   2.0000000e+00   1.3638650e+00  -6.6193951e-01  -2.7459298e-01  -1.2368984e-01  -2.6810466e-01   1.2699971e+00
   2.0000000e+00  -1.4275296e+00   1.7124993e+00  -2.4243198e-01   8.8122012e-01   1.0019242e-01  -8.0459649e-01
   2.0000000e+00  -3.0527494e-01  -1.6601598e+00  -3.5549757e-02   4.8126222e-01  -8.0674287e-01   9.2278254e-01
   1.0000000e+00   5.7443821e-01  -1.5959088e-01  -9.4356710e-01  -1.7404914e+00   1.7160361e+00   5.6902870e-02
   2.0000000e+00   4.5316045e-01   1.8738420e+00  -4.1627888e-01   2.0762731e-01   6.5513900e-01  -8.6971480e-01
   2.0000000e+00  -1.7172311e+00   2.9835525e-01  -2.1413496e-01   1.1594381e+00   1.8325889e+00  -9.5993469e-01
   2.0000000e+00  -8.1880605e-02  -2.2406022e-01  -1.0851541e+00  -1.4802395e-01  -5.3295748e-01  -2.5403332e-01
   2.0000000e+00   8.8425821e-01  -6.6843017e-01  -9.9943802e-01   2.2682763e+00  -1.1366829e+00   2.4125483e+00
   2.0000000e+00   6.5902704e-01  -1.1153297e+00   9.2380881e-01   1.4776967e+00  -4.6800859e-02   1.0169983e+00
   2.0000000e+00   8.2516595e-01   8.9163233e-01  -9.3378718e-01   1.5307594e+00   6.2409890e-01  -5.1776811e-01
   2.0000000e+00  -1.3275064e-01   5.0167268e-01  -1.1869112e-01  -1.8153102e-01  -1.7227366e+00  -1.3672215e+00
   2.0000000e+00   9.2365153e-01   2.3639722e+00   8.3409403e-01   7.5020934e-01   3.1877224e-01  -1.2000456e+00
   2.0000000e+00  -4.0806354e-01  -5.8268477e-02  -8.0654227e-01  -1.6328190e-01   1.0184411e-01   2.3779502e-01
   2.0000000e+00  -1.5357325e+00   9.4338926e-01  -1.1036512e+00  -6.1792062e-01   5.1167264e-01   1.5905856e+00
   1.0000000e+00   6.0839321e-01   2.3097638e-02   1.3124770e+00  -3.2226410e-01   9.0984339e-01   3.4438223e-02
   1.0000000e+00   2.2411152e-01   3.9408513e-01   1.8479720e+00   1.1227754e+00   1.2342845e-01   3.4333595e-01
   2.0000000e+00  -2.6118196e-01   5.0373129e-01  -1.9400646e+00  -3.8772365e-01  -1.0976052e+00  -1.4858941e+00
   2.0000000e+00  -1.0909105e-01  -1.0938610e+00  -1.4835211e+00   1.8762779e-01  -1.4436599e-01  -2.0692797e-01
   2.0000000e+00   1.8368287e+00   4.8710757e-01  -7.3784060e-01  -1.4724814e+00   1.3258879e+00   1.4013414e-02
   2.0000000e+00   1.1223066e+00   1.4148290e+00  -7.7641077e-01   1.0619978e+00  -1.4698105e+00   8.2205468e-01
   2.0000000e+00  -1.6169254e+00   1.2995014e+00   5.7856067e-01   4.7110075e-01  -2.0333882e-01  -2.0854846e+00
   1.0000000e+00   1.8357623e-01  -7.5100487e-01  -1.5020476e+00   8.0076645e-01   2.8706406e-01   1.3078680e+00
   2.0000000e+00  -1.2999279e+00   2.3417276e-01  -8.6033723e-01  -8.4354004e-02  -3.7333546e+00   1.4031969e-01
   2.0000000e+00   1.4086411e+00   2.4226439e+00   4.7982307e-01   1.8549974e-01   9.6936220e-01   2.0657713e-01
   2.0000000e+00  -7.0913889e-01   8.2564557e-01   1.2515612e-01   9.7283009e-01   9.9510383e-01   8.6453377e-01
   2.0000000e+00  -2.3498138e-01   6.4065705e-01  -1.1467219e+00   2.1217272e-01  -4.9939851e-02   2.6166037e-02
   1.0000000e+00   8.6458663e-01  -2.8716308e-01   9.3985922e-01   1.3752102e+00  -2.8520072e-01   7.6596781e-01
   2.0000000e+00   1.4256443e+00  -1.7667450e+00   5.2357405e-01  -1.1859805e+00   1.4284803e+00   3.4862530e-01
   2.0000000e+00   1.3582019e+00   8.4240278e-01  -1.1101357e+00  -9.4413693e-01   9.7741500e-02  -5.0876767e-03
   2.0000000e+00  -3.0460865e-02  -6.2611415e-01  -5.5359613e-01  -6.2174384e-01  -1.3988659e+00   1.2949074e+00
   2.0000000e+00  -7.7591977e-01  -5.0910117e-01   2.7192065e+00   9.5214886e-01   8.1763415e-01   6.1707836e-01
   2.0000000e+00  -7.5016865e-01   1.7320446e+00  -4.0848343e-01  -4.6566541e-01  -5.2734432e-01  -2.8821252e-01
   2.0000000e+00  -4.7253223e-01   1.4977637e+00   1.6828190e-01   2.3802161e-02   1.3877888e+00  -6.8890318e-01
   2.0000000e+00  -1.1025391e+00   7.9017569e-01   6.7721351e-01   3.0531281e-01  -4.7806811e-01   1.0375307e+00
   2.0000000e+00   3.1045912e+00  -8.4334636e-01   4.9844508e-01  -1.4164318e+00   7.4239564e-01  -6.7807581e-01
   1.0000000e+00   5.6054341e-01  -5.8463573e-02  -4.8401689e-01  -9.1456453e-01  -7.2042871e-02   1.7518778e-01
   2.0000000e+00  -1.1362457e+00  -7.6034629e-02   1.0633175e+00   1.5035403e-01  -1.4965957e+00  -1.6470375e-01
   1.0000000e+00   8.4518710e-02  -3.0925622e-01   3.3008655e-01   8.4746469e-01   1.3168947e-01   4.4438651e-01
   1.0000000e+00   5.4672069e-01  -5.4966077e-01  -1.3317817e+00  -1.2937827e+00   4.2298544e-01   1.0199115e+00
   2.0000000e+00  -4.5968806e-01   9.7062928e-01  -7.2099570e-01  -1.2439083e+00   4.4313102e-01   1.3618465e+00
   1.0000000e+00   1.8367359e-01  -1.6611623e-02  -4.4955868e-01  -1.0324821e+00   5.2898419e-01  -1.5075162e+00
   1.0000000e+00   8.4304590e-02  -8.2235806e-01  -3.2803305e-01   1.7170757e+00  -2.0703362e-01  -4.4821540e-01
   2.0000000e+00  -2.1924187e+00   8.0217385e-01  -2.2945390e-01  -4.1384905e-01  -1.3686574e+00  -3.2768399e-01
   2.0000000e+00  -1.2349745e+00  -2.8851525e-01  -2.1060220e-01  -6.8202036e-01   2.3596376e-01   1.0814432e-01
   2.0000000e+00  -3.9589838e-01   9.4535700e-01  -2.5798314e-01  -3.0136930e-01  -8.8840845e-01  -7.6191123e-01
   2.0000000e+00  -4.8974845e-01  -6.2515812e-01   1.4941009e+00   3.1706326e-01   9.0516932e-01   2.1511332e-01
   1.0000000e+00   7.6524266e-01  -2.9553051e-01   1.7138585e+00   5.9436381e-01  -3.2612668e-01   6.6701290e-01
   2.0000000e+00  -6.8194872e-01  -3.6419773e-01  -1.7675293e-01   1.2337162e+00  -9.9274929e-01  -7.7080248e-01
   2.0000000e+00  -5.2345841e-02   1.2122374e+00  -1.2206526e+00   1.0561685e-01  -5.6302379e-01  -1.3401407e-01
   2.0000000e+00   1.0046435e+00  -4.4494548e-01  -6.4139154e-01  -8.1494734e-01   9.9590859e-01  -2.3980174e-01
   2.0000000e+00   8.0708042e-01  -1.5977608e+00   7.4739788e-01   1.0171329e+00  -3.1402607e-01   1.8416299e+00
   1.0000000e+00   4.3455021e-01  -7.2693117e-01  -1.9924279e-01   1.6481010e+00   8.2608410e-02  -1.0596974e+00
   2.0000000e+00  -6.0163659e-01  -1.2533521e+00  -1.6801985e-01   1.3276978e-01  -2.6789570e-01   6.4605176e-01
   2.0000000e+00  -1.6518805e-01  -1.4048941e+00  -1.2331936e-01  -7.7143737e-01  -5.4356105e-02   8.6500801e-01
   2.0000000e+00  -4.1881779e-01  -1.6115398e+00   9.0274332e-01   3.9009362e-01  -1.4975809e-01  -2.5845830e-01
   2.0000000e+00  -7.7128984e-01   1.1151651e+00   9.1243968e-02  -8.8272012e-01  -4.3343944e-01   7.6782886e-02
   2.0000000e+00  -2.4503230e-03  -9.3717015e-01  -2.5221611e-01  -1.9750253e+00   1.3938216e+00  -5.0845914e-01
   2.0000000e+00   5.5202079e-01   1.6344382e+00  -2.7749022e-01  -9.3465870e-01   5.4001357e-01  -1.1466608e+00
   2.0000000e+00  -6.8322091e-01  -1.9381686e-03  -7.1213809e-02   1.0153177e+00   6.0557278e-01   2.8572202e-01
   2.0000000e+00  -5.9886387e-01   1.1061232e+00   7.4440549e-01  -4.7835079e-01   1.3062300e+00   3.0294887e-01
   1.0000000e+00   2.4092289e-01  -4.3122131e-01  -1.7480375e+00  -3.5697839e-01   8.7091662e-01  -1.1782206e+00
   2.0000000e+00  -1.5181745e+00   1.7347053e+00  -1.2641870e+00  -8.4593716e-02  -3.3127072e-01   3.7932598e-01
   2.0000000e+00  -1.5343302e+00  -1.2261390e+00  -5.1887658e-01  -2.9342960e-01   9.4806247e-01   1.6456476e-02
   2.0000000e+00  -2.3374974e-01   7.3992062e-01   2.5996375e-01  -1.3942014e+00  -5.2457904e-01  -3.5688602e-01
   1.0000000e+00   3.6066958e-01  -4.0724403e-01  -2.2453253e-01   1.9554404e+00   8.4724092e-01   3.8063583e-01
   2.0000000e+00   1.0031151e+00   7.7465852e-01  -1.2474958e+00   1.3528304e+00  -2.4673254e-03  -1.5337478e+00
   2.0000000e+00  -1.4992599e+00  -5.4413462e-01   1.3346766e+00  -1.3812175e-01   2.1263046e-02   3.4416797e-01
   2.0000000e+00  -7.1717332e-01  -2.3981534e-01  -4.0762965e-01  -1.1280298e-01  -7.5264731e-01   1.0806039e+00
   2.0000000e+00  -9.2931811e-02   1.3839024e+00   1.0918502e+00   4.0142800e-02   4.6726630e-01  -5.9408256e-01
   2.0000000e+00  -2.9797863e-01  -8.5083325e-01   3.7044292e-01   8.7206058e-03  -1.5939063e+00  -5.7790589e-01
   2.0000000e+00   4.2723054e-01  -1.2315798e+00   7.0556264e-01   5.4326771e-01   4.0646251e-01  -4.5019539e-01
   2.0000000e+00  -6.4722921e-01  -9.6106580e-01   2.5401133e-01  -3.0990692e-01   7.0833846e-01   3.1546207e-01
   2.0000000e+00   1.8606728e+00  -1.0483988e+00  -8.0534264e-01  -4.7590380e-02   5.4471361e-01  -1.3544408e-01
   1.0000000e+00   5.1137113e-01   6.7878934e-03  -1.2961948e+00   1.4267877e-01  -1.7001220e-01   9.4139235e-02
   2.0000000e+00   1.3398047e+00  -7.2342513e-01  -1.7653927e-01   4.4514375e-01  -3.9658467e-02  -9.3039361e-03
   1.0000000e+00   4.6674484e-01  -5.1758297e-01   1.9031854e+00   3.2589747e-01  -2.3942405e-01  -3.3963277e-01
   1.0000000e+00   2.7780721e-02  -4.0771025e-01   1.8145483e-01   6.9351640e-02  -6.4803718e-01  -2.2291257e+00
   2.0000000e+00   8.7341373e-01  -1.1345728e+00   4.4630390e-01   1.7049983e-01   6.7722888e-01  -3.5332714e-01
   2.0000000e+00  -1.0388051e+00   1.0466816e+00  -2.8338835e-02  -7.0748097e-01   8.8870134e-01   3.5956927e-01
   2.0000000e+00   3.7183473e-01   1.1960530e+00  -6.6119335e-01   9.9043922e-01   9.1985148e-01  -1.8701447e+00
   2.0000000e+00  -3.3278404e-01  -2.2114694e+00  -3.8533702e-01   8.1539542e-01  -3.1196031e-01   1.1205203e-01
   1.0000000e+00   6.9160095e-01   5.9627259e-01   1.2236581e+00   8.6880741e-01   2.5356373e-01   4.7004293e-02
   1.0000000e+00   5.0402273e-01  -4.4448735e-01  -1.8729711e-01  -3.5860546e-01  -8.5335262e-02  -3.5522116e-01
   2.0000000e+00   1.8176859e+00  -1.4544866e+00   8.7798470e-01   1.0659673e+00   1.3877388e-01  -1.8682289e+00
   1.0000000e+00   4.8574389e-01  -5.0777372e-01   1.1284681e-01  -1.7324067e+00  -2.6238874e-01   7.6074253e-01
   2.0000000e+00  -6.8550897e-01   6.3404308e-01  -1.9529442e-01   4.2254392e-02  -4.0936633e-01   1.9258314e+00
   2.0000000e+00  -7.3378894e-01  -1.4141120e+00  -2.5541259e-01  -1.0008899e-01  -1.4161514e+00   1.7418718e+00
   2.0000000e+00  -2.3877993e+00   8.6478597e-01   1.7284483e+00   7.6464317e-01   2.4886879e-01  -1.2637077e+00
   2.0000000e+00  -3.7285181e-01  -1.6846442e-01   5.4094758e-01   1.6663757e+00  -1.4635106e-01  -2.8415277e-01
   1.0000000e+00   1.2613422e-01   7.9772809e-01  -1.3703995e-01   1.5681575e+00   4.9392552e-01  -1.4206319e+00
   2.0000000e+00  -5.9651517e-01   9.1983928e-01   1.8994924e+00  -2.4434143e-01  -3.3421643e-01  -2.0205320e-01
   2.0000000e+00  -1.4173506e-01  -1.2146933e+00  -5.4645942e-01   9.2239444e-01   3.1930226e-01   1.1882124e+00
   2.0000000e+00  -1.4701540e+00  -7.8231096e-01  -1.3477420e+00  -9.7626462e-01  -1.2915469e+00   4.4598042e-01
   2.0000000e+00   1.2653121e+00  -1.3466966e-01   2.6251757e-01  -7.0986700e-01  -1.6765572e-01   8.4182204e-01
   1.0000000e+00   2.7963338e-01   8.0566137e-01  -1.4646315e+00   5.2735043e-01   5.6032329e-01   6.6288320e-01
   1.0000000e+00   3.7916786e-01   6.1079961e-01   3.4428171e-01   3.0530235e-01   9.8337700e-01  -3.0357762e-01
   2.0000000e+00  -2.5589740e+00  -1.0531749e+00  -6.2862128e-01   1.8785871e+00  -1.1942397e-02  -1.1780098e-01
   2.0000000e+00   1.1086657e+00   6.1939932e-01  -5.0337868e-01  -7.5882991e-01  -2.9642272e-01  -4.3661728e-01
   2.0000000e+00  -8.3808321e-02  -8.7516508e-01  -2.0720886e-01  -2.4534186e-01  -3.0395452e-01  -3.8080624e-01
   2.0000000e+00   2.0535730e+00  -2.9134573e-01  -1.8441229e+00   8.2654887e-01   4.0102499e-01  -8.8874037e-01
   2.0000000e+00   9.3925183e-01  -5.2357229e-01   4.3521049e-01  -1.7149701e+00   2.3581774e+00   1.5046123e+00
   1.0000000e+00   3.4110455e-01   9.0384242e-01   1.1118284e+00   1.2278119e+00   1.1929901e+00   1.0786708e+00
   1.0000000e+00   3.2917002e-01  -8.6565616e-01  -6.2229650e-01   7.8057994e-01  -3.9949006e-01  -4.7368852e-01
   2.0000000e+00  -1.3775338e+00   2.8625578e+00   1.2467961e-01  -5.4157034e-01   8.1912752e-01  -2.3240735e+00
   2.0000000e+00   7.8941527e-01   1.7089466e+00   7.5189481e-01   4.1842721e-01   1.3015134e+00   9.8640497e-02
   2.0000000e+00  -3.9765859e-01   1.4886716e+00  -6.8015825e-01   1.0415168e+00  -1.8826403e+00   1.0893937e+00
   2.0000000e+00   1.2699696e+00  -7.8607322e-02   1.6009544e+00   4.5709712e-01   1.0212867e+00  -8.9965165e-01
   2.0000000e+00  -4.9983195e-01  -1.1335076e+00   9.2455142e-01   3.0234971e-01  -3.4948909e-01   1.5127340e+00
   2.0000000e+00  -1.4546902e-01  -6.7355519e-01   6.3323557e-01   7.8971811e-01   1.6553474e+00   1.9279126e+00
   1.0000000e+00   5.4317644e-02  -7.7914291e-01  -1.2719285e+00  -5.0322492e-01  -1.0756041e-01   6.7536334e-01
   2.0000000e+00  -1.3040000e+00   6.0093814e-01  -1.7746786e-01   3.3163137e-01   6.7357991e-01   1.4826092e+00
   2.0000000e+00  -3.0688005e-01   7.0474591e-01   2.4024018e-01   4.6557679e-02  -2.5794103e-01  -1.9103383e-01
   1.0000000e+00   2.9447753e-01  -1.4155772e-01  -4.0486423e-01   1.8797911e+00   9.5893476e-01   4.8955145e-01
   2.0000000e+00   4.0674295e-01  -9.4495532e-01   1.6911625e+00  -1.0849707e+00   9.8779722e-01   1.6062546e+00
   2.0000000e+00  -2.3096799e-01  -1.8825101e+00   5.2913095e-02   1.4281702e+00   2.6633049e-01   3.7701502e-02
   2.0000000e+00  -4.9246652e-01  -5.4794547e-01   1.4125516e+00  -7.1860797e-01   4.4756176e-01  -1.7518243e+00
   2.0000000e+00  -5.3113170e-01   2.6703286e+00  -1.3322589e+00  -1.5264718e-01  -5.3262120e-01  -7.1935360e-01
   2.0000000e+00  -4.8801400e-01   3.5322295e-01  -1.1829052e+00  -1.7195960e+00   3.3426293e-01  -1.1778443e+00
   2.0000000e+00  -8.9410694e-01   1.1527401e+00   1.9824573e-01   3.1697944e-02  -2.9044284e-01  -6.0660778e-01
   2.0000000e+00   1.1615032e+00  -1.5617873e+00   1.0124727e+00   2.2460857e+00  -1.1341731e+00   5.9178535e-02
   2.0000000e+00  -7.8998537e-01  -1.3913588e+00  -2.7351994e+00   1.8163705e-01  -1.4725432e+00   3.6102066e-01
   2.0000000e+00  -8.0034829e-02   8.5830254e-01  -6.3262712e-01  -2.1531910e+00  -9.3685977e-02   1.0427256e+00
   2.0000000e+00  -1.4794316e+00  -6.0593035e-01  -2.9820290e-01   7.6693229e-01   8.0203043e-01   9.2524052e-01
   2.0000000e+00  -3.6846137e-01  -9.3316288e-01   3.1653274e-01   2.9467955e-01  -1.8392966e+00   1.9734640e-02
   2.0000000e+00   3.5766041e-01   1.2695327e+00   8.3937405e-01   9.4737040e-01  -3.6575162e-01  -1.4478538e-01
   2.0000000e+00  -1.8063944e+00  -3.7255308e-01  -2.9351347e-01  -6.0349161e-01  -1.0330765e+00   1.0462065e+00
   2.0000000e+00  -1.7694412e+00   5.9757330e-01   8.6514922e-01   1.6336506e+00  -5.2966878e-01   8.3273963e-01
   1.0000000e+00   8.2602633e-02   4.0708947e-01   3.5420978e-02  -7.5976792e-01   9.8000330e-01  -1.5538065e-01
   2.0000000e+00  -1.8524947e-01  -1.4472909e+00   4.0162365e-01  -1.2618211e+00  -7.4792489e-02   8.5135236e-01
   2.0000000e+00  -5.2128386e-01   1.5681061e+00   8.5060851e-01   1.5565109e+00   6.8196360e-02   5.7172787e-01
   2.0000000e+00   8.0541062e-01  -7.6994804e-01   4.7949802e-01  -8.1793450e-01   4.4491339e-01  -3.7682692e-01
   2.0000000e+00  -6.6506570e-01   1.8900382e+00  -4.1629594e-01  -8.5775748e-01   3.5612106e-01   2.1424871e+00
   2.0000000e+00  -1.5739839e+00  -2.6620647e-01  -3.5472977e-01  -1.4271647e-01   3.4175341e-01  -3.9394596e-01
   1.0000000e+00   6.5495217e-01   7.0282069e-01   7.2870289e-01   1.1116823e+00   1.6017655e+00  -6.4602613e-01
   1.0000000e+00   3.2272906e-01   5.9616266e-01  -2.9893652e-01  -1.2536392e+00   2.5029874e-01  -1.1632171e-01
   2.0000000e+00  -2.7748087e-01   1.3230276e+00   1.4835032e+00  -1.4194678e-01   7.1710881e-01   6.1534125e-01
   2.0000000e+00  -1.8207479e+00  -1.1182527e+00  -3.2520893e+00  -3.0175112e+00   3.2115186e-01  -3.6240711e-01
   2.0000000e+00   7.9604697e-01   1.0581096e+00  -1.5469920e+00   1.7161012e+00  -2.1504027e+00  -6.3972599e-01
   2.0000000e+00   2.8717872e-01   1.1458114e+00  -2.8759598e-01   3.4856722e-04  -1.3110606e+00  -1.1231186e-01
   2.0000000e+00  -2.2436626e+00  -1.7149615e+00   3.0224103e-01  -2.6337021e-01  -5.7689593e-01   1.2728371e-01
   2.0000000e+00   1.4537572e+00  -1.2640918e+00   9.6843904e-01  -6.6855671e-01   7.4071287e-01   9.5408367e-01
   2.0000000e+00   5.5220728e-01   1.0204095e+00   1.3510190e+00  -2.8103121e+00   6.3592200e-01  -4.8241854e-01
   2.0000000e+00  -5.5477484e-01   7.4818865e-01   2.7409537e-01   1.4508302e+00   5.4615593e-01  -3.0285452e-01
   2.0000000e+00  -5.3089688e-01   2.1691086e-01   5.2004976e-01   9.6921845e-01  -2.3534812e+00  -6.5426799e-01
   2.0000000e+00  -6.2722971e-01   1.8741552e+00   1.5423535e+00   3.2204887e-01   5.0420401e-01   2.5218986e-01
   2.0000000e+00   4.3026007e-01   1.1112973e+00  -9.9440167e-01   6.9462674e-01   4.7574560e-01   6.5178695e-03
   2.0000000e+00  -1.2718009e+00  -1.8502792e+00  -1.3450160e+00  -2.0484688e+00   2.8507036e-01  -9.0108707e-01
   2.0000000e+00   1.0133930e+00  -2.1650777e+00  -1.3800303e+00   3.8666372e-01   4.3065670e-01   9.4075710e-01
   1.0000000e+00   5.0350655e-02  -3.8968859e-01  -2.9951474e-01  -6.7650505e-01   2.0385846e-01  -1.8695941e+00
   2.0000000e+00   1.3890228e+00   6.2794550e-01   1.0854352e+00  -4.9729985e-01  -9.3668029e-01   2.2561550e-03
   1.0000000e+00   5.7780851e-01  -6.1169292e-01  -1.3376604e-01  -7.1876069e-01   2.8511626e-01   4.2925536e-01
   2.0000000e+00  -1.6505335e-01   2.1949492e-01   2.0518766e-01   2.2111753e-01   6.5396995e-01   1.4295500e+00
   2.0000000e+00  -1.7384339e+00  -5.3417859e-01  -2.2153680e+00  -1.0263511e+00   4.1145902e-01   5.6308546e-01
   1.0000000e+00   6.8191706e-01   9.7883143e-02  -4.8863468e-01  -2.0142273e-01  -2.5651358e+00   8.9714955e-01
   2.0000000e+00   1.8839524e+00   5.0890046e-01  -1.3250981e+00   1.4455660e-01  -1.0599461e+00   8.0661209e-02
   1.0000000e+00   2.5674376e-01  -2.7652227e-01   5.8732913e-01  -1.2409679e-02   4.9401598e-01   2.0706985e+00
   2.0000000e+00   2.1672144e+00   1.1736209e+00   2.1920755e-01   2.2685921e+00  -8.4956363e-02   3.1753167e-01
   2.0000000e+00  -2.3397064e+00   1.6422496e+00  -5.6817647e-03  -5.2148214e-01  -1.2328444e+00  -8.9651590e-01
   2.0000000e+00  -7.3359719e-01  -2.9822179e-01   9.2746409e-02  -1.3801662e+00   4.5214605e-01   8.5805498e-01
   2.0000000e+00  -6.5709002e-01   5.0938583e-02  -1.2923845e+00   2.1250597e+00  -1.2668436e-01  -1.8259615e+00
   1.0000000e+00   4.9967935e-01   1.5439154e-01   1.0248805e+00   3.0767434e-01  -3.0828950e-02   5.1389874e-01
   2.0000000e+00   7.1579245e-01  -8.1427879e-01   1.4376506e+00   1.9553183e+00   2.1549375e-02   1.8226922e-01
   1.0000000e+00   1.4451522e-01  -3.9108870e-02   8.0558479e-01   4.0203884e-01  -1.2552735e+00  -1.0438607e+00
   2.0000000e+00   1.1415860e+00   4.1452960e-03  -5.0508908e-01   1.5950829e+00  -3.9013096e-02   2.1617637e-01
   2.0000000e+00  -7.0128389e-01   2.6148882e-01   1.0703463e+00   1.4245511e+00   2.9352702e-01   7.4045563e-01
   2.0000000e+00  -2.8353641e-02  -1.1591036e+00  -4.6197765e-01   3.3806433e-01   1.1583883e+00  -1.1600017e+00
   2.0000000e+00  -1.3149455e+00  -1.2443928e-01   4.5201458e-01  -1.2464665e-01   3.0789651e-02   2.8934075e-01
   1.0000000e+00   7.2133642e-01   1.1048649e-01   6.5537681e-01  -1.0939957e+00   4.4287117e-01   5.0100616e-01
   2.0000000e+00  -5.4711859e-01   1.3233391e-01  -2.9463075e-01   4.9210230e-01   7.7340045e-02  -2.5129531e-01
   2.0000000e+00  -2.3387959e+00  -1.0332591e+00  -6.8840487e-01  -1.0193222e+00   3.0293005e-01   4.0039375e-01
   1.0000000e+00   2.8345074e-01   9.5446680e-01  -1.1048621e+00  -9.5182028e-01   1.1536192e+00   2.9728657e-01
   2.0000000e+00  -4.8300289e-01  -3.9606889e-02   1.8307165e+00   1.2479787e-01   1.2583238e-01  -7.1358510e-01
   2.0000000e+00   1.4089455e+00   9.5883314e-01   2.3012020e+00   9.2466478e-01   2.4943774e-01   5.7767837e-01
   2.0000000e+00   6.9045531e-01  -2.8472252e-01   1.9150781e+00  -9.6887398e-01  -3.4407909e-01   9.8655863e-01
   1.0000000e+00   4.3337207e-01  -8.1147652e-01  -3.2201397e-01  -1.8014431e+00  -4.9401837e-01  -1.1840949e+00
   1.0000000e+00   3.5894354e-01   8.9787770e-02  -7.1466570e-01  -9.2000721e-01   5.3727073e-01  -9.4436222e-01
   2.0000000e+00  -3.3945413e-01  -1.0636447e+00   4.3927674e-01  -1.6533366e-01  -9.5533193e-01  -1.9297601e+00
   2.0000000e+00  -4.9923210e-01  -1.4136098e+00  -5.5397902e-01  -2.5416176e+00   4.7351017e-01  -5.9001123e-01
   2.0000000e+00  -1.6850176e+00   2.6917133e+00  -1.5103049e-01  -9.5900459e-01  -3.4154306e-03  -1.6591472e+00
   2.0000000e+00   1.2356218e+00  -6.7373734e-01   4.2868471e-01  -4.8051334e-01  -1.1514403e+00   1.1008932e+00
   2.0000000e+00  -7.2457274e-01  -6.6852171e-01  -7.5260026e-01  -3.5082521e-01   2.2047434e-01  -2.3324188e-01
   2.0000000e+00  -1.1855063e+00   6.1324524e-01  -4.2717733e-01   7.7519804e-01   1.1013641e+00  -2.2410616e-01
   2.0000000e+00  -1.4678968e-02   8.7647971e-01   6.4225302e-01   2.3597315e+00   7.8786953e-01   1.1055921e+00
   2.0000000e+00   2.4665861e+00  -1.5486140e+00   1.3062044e+00  -5.2737485e-01  -9.4611668e-01  -1.2653086e-02
   2.0000000e+00  -7.9829966e-01  -1.5395207e-01   2.5995936e-01   9.6200809e-02  -4.0915791e-01  -1.1477210e+00
   2.0000000e+00   4.9547590e-01  -1.8997695e+00  -1.1401875e+00  -4.5748881e-01   3.8782083e-01  -1.2099967e+00
   2.0000000e+00  -2.0190792e-01   1.4149320e+00  -6.0783370e-01   9.7297812e-01   1.8024067e-02   6.5354143e-02
   1.0000000e+00   5.4497611e-01   2.3850881e-01  -1.8571417e+00   1.3129320e+00   1.2127408e+00   2.5570333e-01
   2.0000000e+00   1.5336373e+00  -5.3747666e-02  -2.9136630e-01  -1.5084789e-01   8.5385305e-01   3.1962627e-02
   2.0000000e+00   1.4387677e+00  -1.1133190e+00  -9.3315675e-01   2.6563396e-01  -1.6511447e+00  -1.5214446e-01
   2.0000000e+00  -1.2312262e+00  -7.4837638e-01  -4.5987646e-02   3.6673910e-01  -1.5339465e-01   7.4885268e-02
   2.0000000e+00  -3.5092758e-01   9.3205950e-02   1.6518519e+00   3.2476453e-01   9.5693396e-01  -1.6322000e+00
   2.0000000e+00   3.0106257e-01   1.7534701e+00   3.9756689e-01  -1.1719350e-01  -4.9055913e-01  -1.0430086e-02
   2.0000000e+00   8.8113101e-01  -3.5031705e-03  -2.1055211e+00   1.2211169e-01   2.4171080e-01   9.5485794e-01
   2.0000000e+00  -4.9929101e-01  -5.7818284e-01  -1.3231369e+00  -4.3168278e-01  -2.9880994e-01  -1.2455192e+00
   2.0000000e+00  -1.2069028e+00  -2.8540445e-01  -1.5528303e+00   8.5963832e-01   5.6027979e-03   7.7237870e-01
   2.0000000e+00   1.5555269e+00   9.0616161e-01  -8.3982320e-01  -6.6089328e-01  -6.7677943e-01  -2.0134862e-01
   2.0000000e+00   1.5873677e-01  -3.2131788e+00   1.4635123e+00   1.2784110e+00  -9.1573944e-01   5.4453970e-02
   1.0000000e+00   2.9226474e-01  -1.8521197e-01  -7.1414751e-01  -4.1386519e-01  -1.9923803e-01   1.5251538e-01
   2.0000000e+00  -8.2739788e-01  -1.0141357e+00  -1.6226192e+00  -6.3774500e-01  -5.1405070e-01   3.0916352e-02
   1.0000000e+00   3.0076100e-01   4.2632586e-01   1.6950876e-01   2.1185369e+00   5.9147055e-01   1.5287331e-01
   2.0000000e+00   7.4332754e-02   1.1193717e+00   5.8510428e-01   5.7511712e-01   4.2672198e-02  -1.2940004e-02
   1.0000000e+00   1.0532199e-01   2.5923620e-01  -2.6538516e-01   3.5553114e-01   1.2084266e+00  -4.6912941e-01
   2.0000000e+00   6.5563974e-01   7.8504524e-01   3.8384970e-01  -8.9492705e-01  -1.1650285e+00   6.8069854e-01
   2.0000000e+00   1.7867038e+00   2.9891471e-01  -2.4432998e+00   9.4861139e-01  -1.1160937e+00   1.1046332e+00
   2.0000000e+00  -5.3524776e-01   2.5753318e-01  -3.0846122e-01   3.6846812e-01   1.0773503e+00  -8.1365486e-01
   1.0000000e+00   3.6085408e-01  -7.6306106e-01  -6.3636593e-01   1.0467978e+00  -7.0650661e-01  -1.7843745e+00
   2.0000000e+00  -5.9458223e-01  -8.9668210e-01   7.9443047e-04   1.3059638e-01   4.9163514e-01  -3.0876891e-01
   2.0000000e+00   1.3273997e+00  -8.7278219e-01   2.0015600e+00  -1.2077617e+00  -5.0662759e-01   6.6847728e-01
   2.0000000e+00  -1.2168530e+00  -2.3972966e-01  -6.1632741e-01   8.4271830e-01  -1.2968376e+00   1.0413894e+00
   2.0000000e+00  -1.2840723e+00  -1.1237296e+00   1.0598839e+00   1.1503339e+00  -7.2040098e-01  -7.6870836e-01
   1.0000000e+00   8.4064838e-01   8.6186398e-03  -1.1198994e-01  -2.5654645e+00  -1.6883300e-01  -5.3234425e-01
   2.0000000e+00  -2.0173427e-01   1.9350371e-01   4.2135333e-01  -2.2241725e-01   8.9117971e-01   3.8291964e-01
   1.0000000e+00   3.5950005e-01  -8.1581099e-01  -4.2338579e-01   1.1103681e-01  -2.5508842e+00   9.0888723e-01
   2.0000000e+00  -1.7076647e+00   1.4104424e+00  -2.0688497e+00  -7.9375826e-01   8.3454679e-01  -1.0779356e-01
   2.0000000e+00  -8.1532105e-01  -1.3489119e+00   3.2330696e-01   3.6768954e-01  -5.1183803e-01   5.6584029e-01
   2.0000000e+00   1.6770483e+00  -4.2157908e-01   1.8157844e+00  -1.5808109e+00  -3.0230310e-01   2.5575032e-02
   1.0000000e+00   3.4168682e-01   4.3081071e-01   1.7402107e+00  -5.5973058e-01   2.4855089e-01  -5.4819104e-01
   1.0000000e+00   8.3748661e-01  -2.1629302e-01  -1.5529362e+00   2.9413288e-01  -1.0644811e+00   1.7330912e-01
   2.0000000e+00   1.6658490e-01   1.0513430e+00  -6.4673630e-01  -1.6875308e-01   4.7606791e-01   3.0572271e-01
   2.0000000e+00  -3.8682452e-01   1.2741553e+00   8.1092479e-01   3.2879709e-02  -1.8935132e+00   2.3883344e+00
   2.0000000e+00   1.0276205e-02  -1.7199512e+00  -2.1820310e+00   3.8441795e-02  -2.3843648e-01  -3.0718206e-01
   2.0000000e+00  -1.2098918e-01   5.3872773e-01  -1.3947824e-02   1.1112683e+00   7.1048005e-01  -9.4779938e-01
   2.0000000e+00   9.2007327e-02  -1.4840057e+00  -1.0076220e+00  -7.2284733e-01   1.0938484e+00  -1.4934725e+00
   1.0000000e+00   2.1081850e-01   3.2696801e-01   5.7370379e-01  -6.4566116e-01   3.2058150e-01   4.0729772e-01
   2.0000000e+00   1.1366554e+00   8.0586110e-03   3.5139213e-01   4.0363261e-01   4.1970307e-01   3.5833694e-01
   2.0000000e+00  -1.7990708e+00  -9.5985986e-01  -3.1266868e-02   2.2979604e-01   9.2984516e-01  -9.5654064e-01
   2.0000000e+00  -1.1049973e-01  -6.6244924e-02  -5.7803192e-02  -9.7383726e-01   2.5078065e-01   3.9413488e-02
   1.0000000e+00   7.4267413e-01   4.1967419e-01   1.4470975e-01   3.0038303e-01  -1.3450316e+00   1.7622528e-01
   2.0000000e+00   1.1610062e+00  -5.1099859e-01  -7.6382694e-01  -6.3730701e-01   4.9413859e-01  -1.5859200e+00
   2.0000000e+00  -2.1102123e-01  -4.8605322e-01   1.1400479e+00   1.0889265e+00   1.0064397e+00   2.1165035e+00
   2.0000000e+00   5.9918872e-01  -1.0661785e+00  -5.8725727e-01   7.9010727e-01   1.5882247e+00   4.4943059e-01
   1.0000000e+00   2.9874695e-01   3.2731302e-01  -7.6500589e-01  -1.7041726e+00   6.2266545e-01  -1.8074970e+00
   2.0000000e+00   1.1493861e+00  -4.0788831e-01   1.5382569e+00  -4.7313514e-01  -7.1754973e-02  -6.8452224e-01
   2.0000000e+00   1.6197288e+00   2.9032985e-01  -5.3017617e-01  -3.8886335e-01  -3.0217545e-01  -4.3844492e-01
   1.0000000e+00   1.1146158e-01  -8.5883207e-01   2.7092424e-01   1.2525174e+00   8.3837580e-01   4.2574632e-01
   2.0000000e+00  -6.5949427e-01   1.2051965e+00  -2.4404323e-01  -8.1519748e-01   1.3759084e+00   5.8071987e-02
   2.0000000e+00  -2.2462951e-01   3.1482915e-01   4.2963390e-01   8.1112167e-02   1.0492215e+00  -8.7541405e-01
   2.0000000e+00  -7.1079796e-01   1.8980898e-01   1.8411705e-01  -1.7262230e-01  -1.6557851e-01  -1.1146427e+00
   2.0000000e+00   7.5888692e-01   1.3167109e+00   4.5972048e-01   5.1807396e-01   2.2164167e-02   1.1088585e+00
   2.0000000e+00   9.7014423e-01   5.2093235e-01   2.3857362e-01   9.3653951e-01   2.7043719e-01  -1.2625438e+00
   2.0000000e+00  -5.2549060e-01   1.2570700e-01   9.9220680e-01  -1.3230764e+00   1.8983710e+00  -2.5781407e-01
   1.0000000e+00   1.3278404e-02   9.7779450e-01  -1.7608203e+00   6.5925884e-01  -1.1517421e+00   6.4155111e-01
   1.0000000e+00   9.8157205e-01   1.6315495e-01   3.6327551e-01   1.3660403e+00  -6.6771383e-01   1.2233286e+00
   2.0000000e+00  -1.1415041e-01   4.1094667e-01   4.1268427e-03   1.0314495e+00   4.9648849e-01   3.4062962e-01
   2.0000000e+00  -4.4008371e-01   1.0749778e+00  -8.7462317e-03  -2.5493178e-01   4.3695480e-01   9.6537554e-01
   2.0000000e+00   7.6760209e-02   1.3133027e+00   2.1175227e+00  -1.5271216e+00  -1.5551957e+00   1.1911795e+00
   2.0000000e+00  -4.2241915e-01  -1.5781128e-01  -1.8669703e+00  -7.6307618e-01  -3.8114960e-01  -1.6366084e-02
   2.0000000e+00  -1.3254476e+00   1.4089582e+00   1.2298444e+00   3.3304048e-01  -3.7996712e-01  -7.9197716e-02
   2.0000000e+00   7.8215497e-01  -1.8641518e+00  -4.2911339e-01   2.6078140e-01  -7.2654613e-01   3.6585772e-01
   2.0000000e+00  -1.5360280e-01  -7.5085515e-01   9.3889861e-01   3.9469916e-01  -1.4361187e-01   5.7299168e-01
   1.0000000e+00   6.1654503e-01   5.7182919e-01  -1.0064943e-01  -6.7496146e-01   4.7144936e-01  -1.9815602e+00
   2.0000000e+00  -2.6803792e-02   6.1564221e-01   4.0986564e-01  -1.7015626e+00   1.5457350e+00  -8.2712204e-01
   2.0000000e+00  -4.7458867e-01   2.2852371e-01   2.2681807e-01   4.5245770e-01   8.5825685e-01   4.5520084e-01
   2.0000000e+00   8.2388077e-03   2.1495557e+00   3.2203367e-02   4.4352174e-02  -7.8570501e-01  -5.8564971e-01
   2.0000000e+00  -1.4508544e-01   1.4280728e+00  -2.6384325e-01  -6.4379547e-01  -4.8931000e-01  -7.8693386e-02
   1.0000000e+00   6.0417438e-01  -2.2623093e-01  -1.2792351e+00   5.6884024e-01   3.9213532e-01   1.8752272e-01
